# Distances from Chicago to some cities
# 1 - ORD,  2 - LAS,  3 - DFW,  4 - JFK
# 5 - ATL,  6 - MSP,  7 - PHL
Code,ORD,LAS,DFW,JFK,ATL,MSP,PHL
ORD,0,1510,802,739,607,334,676
LAS,1510,0,1053,2243,1743,1297,2171
DFW,802,1053,0,1389,730,853,1300
JFK,739,2243,1389,0,759,1026,94
ATL,607,1743,730,759,0,907,666
MSP,334,1297,853,1026,907,0,978
PHL,676,2171,1300,94,666,978,0
